416
419
420
423
425
426
434
436
441
445
447
450
452
454
465
473
476
478
479
483
484
486
489
491
495
500
501
502
506
507
509
513
516
527
529
535
540
544
546
556
560
587
605
617
619
627
630
645
660
680
687
688
692
696
698
720
721
724
732
736
737
750
751
752
757
761
769
771
772
774
775
777
781
783
796
807
817
820
823
827
830
831
833
835
840
845
852
854
860
861
862
866
869
873
874
879
880
881
883
885
886
887
889
894
900
902
903
906
908
910
918
919
926
928
938
939
940
941
949
951
956
960
961
962
963
964
965
967
972
974
980
989
994
996
1005
1016
1019
1021
1031
1064
1069
1076
1079
1083
1087
1092
1112
1118
1134