401
402
403
404
405
406
407
408
409
410
411
412
413
414
415
417
418
420
421
422
424
427
429
430
431
433
435
437
438
442
443
444
445
448
449
455
457
459
460
461
463
464
466
467
468
469
470
471
472
477
480
481
482
485
488
490
492
494
495
496
497
498
499
503
508
510
514
515
536
537
538
539
541
542
543
544
545
548
549
550
555
558
566
577
602
604
609
610
612
614
621
622
623
625
626
628
629
636
637
638
639
640
642
643
654
657
661
670
679
685
691
695
697
699
700
705
707
710
716
719
727
729
733
743
744
746
747
755
766
767
779
788
789
792
800
805
806
809
810
810
812
815
821
824
838
842
844
847
851
858
863
864
865
867
870
872
875
878
882
884
888
891
895
896
897
898
899
904
905
907
909
911
912
913
914
915
916
917
920
921
922
923
924
925
927
929
932
933
934
935
936
942
943
944
945
946
947
949
952
953
954
955
957
958
959
966
968
969
970
971
973
975
976
977
978
979
981
982
983
984
985
986
987
988
990
991
992
993
995
997
998
999
1000
1001
1002
1003
1004
1006
1007
1008
1009
1010
1011
1014
1015
1017
1018
1022
1023
1024
1025
1026
1027
1028
1029
1030
1032
1033
1034
1035
1036
1037
1038
1039
1040
1042
1043
1044
1045
1046
1047
1051
1052
1053
1054
1055
1056
1057
1058
1061
1063
1065
1067
1068
1070
1071
1072
1073
1074
1075
1077
1078
1080
1081
1082
1804
1085
1086
1088
1089
1090
1091
1093
1094
1095
1096
1097
1098
1099
1100
1101
1102
1103
1104
1105
1108
1109
1110
1111
1113
1114
1115
1116
1117
1119
1121
1123
1124
1125
1127
1128
1129
1130
1131
1132
1133
1135
1137
1138
1139
1140
1141
1142
1144
1145
1146
1147
1148
1149
1150
2002
1049
1059
1062
1084
1126
1136
1143