416
419
423
425
426
434
436
441
447
452
453
465
473
476
478
479
483
484
486
489
491
500
501
502
504
506
507
509
513
516
527
535
540
546
551
556
560
605
619
627
630
641
644
645
660
666
688
692
698
721
724
732
736
737
750
751
752
757
769
770
772
775
781
796
807
817
819
823
827
830
722
835
840
845
854
866
869
873
879
881
885
886
887
893
894
900
901
902
918
926
928
938
939
940
941
948
950
951
960
961
962
963
964
965
967
972
974
989
994
996
1005
1016
1019
1021
1031
1041
1048
1060
1064
1066
1069
1076
1079
1083
1087
1092
1106
1107
1112
1118
1120
1122
1134